    a2	a1	a3	a4	a5	a6	a7	a8	a9	a10
A2	135	60	60	60	60	60	135	135	75	0
A1	60	101	101	101	101	101	60	60	0	41
A3	60	101	101	101	101	101	60	60	0	41
A4	60	101	101	101	101	101	60	60	0	41
A5	60	101	101	101	101	101	60	60	0	41
A6	60	101	101	101	101	101	60	60	0	41
A7	135	60	60	60	60	60	135	135	75	0
A8	135	60	60	60	60	60	135	135	75	0
A9	75	0	0	0	0	0	75	75	75	0
a10 0	41	41	41	41	41	0	0	0	41


    a10	a1	a3	a4	a5	a6	a7	a8	a9	 a2
a10 41	41	41	41	41	41	0	0	0	 0
A1	41	101	101	101	101	101	60	60	0	 60
A3	41	101	101	101	101	101	60	60	0	 60
A4	41	101	101	101	101	101	60	60	0	 60
A5	41	101	101	101	101	101	60	60	0	 60
A6	41	101	101	101	101	101	60	60	0	 60
A7	0	60	60	60	60	60	135	135	75	 135
A8	0	60	60	60	60	60	135	135	75	 135
A9	0	0	0	0	0	0	75	75	75	 75
A2	0	60	60	60	60	60	135	135	75	 135